static const double DEFAULT_MVN_STAT[] = {
-0.398819,
0.402803,
0.156958,
0.008035,
0.060534,
0.066397,
0.048903,
-0.036036,
0.045517,
0.137266,
0.020173,
-0.092442,
-0.026717,
15.987484
0.601524
0.572212
0.324881
-0.147848
-0.010386
-0.176503
0.004336
-0.046615
0.012264
-0.019310
0.012689
-0.068866
-0.927845
0.000000
0.000000
0.000000
0.000000
0.000000
0.000000
0.000000
0.000000
0.000000
0.000000
0.000000
0.000000
1.546023
0.000000
0.000000
0.000000
0.000000
0.000000
0.000000
0.000000
0.000000
0.000000
0.000000
0.000000
0.000000
-0.150500
-0.060580
0.146617
0.105005
0.112197
0.042506
0.038949
-0.007583
-0.003700
-0.008057
-0.008014
-0.014530
-0.036570
2.363356
0.537375
0.268094
0.278940
0.090097
0.072592
0.064103
0.040349
0.058111
0.072382
0.021913
0.021312
0.020274
};
